,975
,121
,447
,808
,326
,590
,734
,824
,263
,503
,245
,919
,682
,57
,380
,221
,409
,882
,521
,684
,123
,964
,663
,27
,815
,271
,577
,399
,737
,956
,444
,688
,119
,612
,429
,985
,649
,264
,873
,57
,796
,411
,632
,958
,787
,316
,226
,759
,874
,438
,635
,775
,492
,135
,719
,994
,397
,156
,21
,305
,752
,485
,762
,844
,960
,84
,125
,843
,947
,180
,506
,987
,255
,380
,92
,358
,56
,642
,457
,829
,184
,307
,611
,287
,592
,478
,255
,380
,92
,358
,56
,642
,457
,829
,184
,307
,611
,287
,592
,478